[2126.9993, 2126.9993, 2126.9993, 2126.9993, 2126.9993, 2126.9993, 2126.9993, 2126.9993, 2126.9993, 2126.9993, 1695.0126, 971.7039, 795.41516, 754.1943, 739.0631, 733.2766, 730.49316, 728.7621, 727.4691]
[944.9731, 944.9731, 944.9731, 944.9731, 944.9731, 944.9731, 944.9731, 944.9731, 944.9731, 836.73865, 824.06696, 767.1281, 796.8334, 1163.0227, 1328.153, 1342.5708, 1342.8009, 1337.9844, 1337.9844]
[1006.10376, 1006.10376, 1006.10376, 1006.10376, 1006.10376, 1006.10376, 1006.10376, 1006.10376, 359.328, 225.67668, 390.12885, 429.59354, 351.4774, 328.4955, 320.99503, 315.64944, 312.09973, 312.09973, 312.09973]
[1093.2814, 1093.2814, 1093.2814, 1093.2814, 1093.2814, 1093.2814, 1093.2814, 1093.2814, 1093.2814, 1093.2814, 1722.7758, 1376.9286, 1341.3988, 1334.8502, 1333.5239, 1333.022, 1332.7601, 1332.5962, 1332.48]
[2005.428, 2005.428, 2005.428, 2005.428, 2005.428, 2005.428, 2005.428, 2005.428, 2005.428, 2005.428, 2004.6544, 2003.1526, 1958.8899, 1946.5785, 1945.7288, 1945.0549, 1944.2472, 1943.3007, 1942.2499]
[939.99615, 939.99615, 939.99615, 939.99615, 939.99615, 939.99615, 939.99615, 1311.2446, 1089.7039, 1110.4022, 1998.7319, 2003.1749, 1995.8936, 1969.6274, 1909.0981, 1815.0593, 1815.0593, 1815.0593, 1815.0593]
[1141.4427, 1141.4427, 1141.4427, 1141.4427, 1141.4427, 1141.4427, 653.0525, 289.34546, 305.947, 280.67902, 281.36838, 273.65866, 252.1153, 253.97351, 256.36914, 256.36914, 256.36914, 256.36914, 256.36914]
[966.46515, 966.46515, 966.46515, 966.46515, 966.46515, 966.46515, 966.46515, 966.46515, 966.46515, 767.46936, 1330.707, 1332.9343, 1332.6367, 1330.8058, 1323.8256, 1307.4384, 1297.7633, 1292.6704, 1292.6704]
[957.79565, 957.79565, 957.79565, 957.79565, 957.79565, 957.79565, 957.79565, 957.79565, 957.79565, 957.79565, 767.4078, 767.38635, 779.68524, 1087.349, 1249.9037, 1254.0382, 1226.7585, 1196.2534, 1168.9402]
[243.0582, 243.0582, 243.0582, 243.0582, 243.0582, 243.0582, 243.0582, 243.0582, 63.13469, 200.82594, 354.37927, 354.96973, 354.77237, 349.39072, 286.80487, 157.1027, 130.57646, 130.57646, 130.57646]
[1529.3812, 1529.3812, 1529.3812, 1529.3812, 1529.3812, 313.2747, 208.04488, 149.44778, 76.774605, 58.03324, 57.601097, 56.72969, 54.0941, 44.71939, 44.71939, 44.71939, 44.71939, 44.71939, 44.71939]
[1511.034, 1511.034, 1511.034, 1511.034, 1511.034, 1511.034, 1511.034, 102.107544, 123.98876, 197.59805, 147.04921, 121.67374, 87.85446, 63.86122, 58.51184, 54.84069, 54.84069, 54.84069, 54.84069]
[1210.1171, 1210.1171, 1210.1171, 1210.1171, 767.52606, 406.07373, 380.8609, 152.65219, 81.71887, 79.467705, 55.39093, 42.890812, 41.609306, 41.609306, 41.609306, 41.609306, 41.609306, 41.609306, 41.609306]
[1206.5087, 1206.5087, 1206.5087, 855.86774, 1256.1202, 403.02335, 378.17828, 361.05338, 166.85834, 103.149185, 97.742355, 128.93102, 128.93102, 128.93102, 128.93102, 128.93102, 128.93102, 128.93102, 128.93102]
[1307.8671, 1307.8671, 1307.8671, 1307.8671, 1307.8671, 1307.8671, 754.0748, 924.7329, 292.6856, 273.44946, 240.81572, 197.64198, 112.67219, 100.43324, 97.19652, 97.19652, 97.19652, 97.19652, 97.19652]
[1207.8319, 1207.8319, 1207.8319, 1207.8319, 768.9003, 400.9961, 395.39185, 161.82889, 153.69307, 108.20668, 57.29525, 46.664993, 43.029995, 43.029995, 43.029995, 43.029995, 43.029995, 43.029995, 43.029995]
[1232.968, 1232.968, 1232.968, 1232.968, 1232.968, 1232.968, 767.3603, 1016.0649, 853.42163, 531.93036, 295.51608, 263.5244, 244.65564, 169.36797, 116.9003, 116.9003, 116.9003, 116.9003, 116.9003]
[1207.305, 1207.305, 1207.305, 1207.305, 767.8673, 437.99847, 394.4188, 219.7924, 194.19493, 167.78844, 137.46498, 75.988815, 48.942947, 48.942947, 48.942947, 48.942947, 48.942947, 48.942947, 48.942947]
[1206.5359, 1206.5359, 1206.5359, 769.04504, 397.16437, 202.41728, 105.475494, 57.014664, 44.92025, 41.236977, 41.229553, 41.23053, 41.23053, 41.23053, 41.23053, 41.23053, 41.23053, 41.23053, 41.23053]
[1206.5144, 1206.5144, 1206.5144, 767.6333, 400.35895, 235.99106, 105.9302, 67.42058, 53.73545, 41.28605, 41.230747, 41.23, 41.23, 41.23, 41.23, 41.23, 41.23, 41.23, 41.23]
[1694.2478, 1694.2478, 1694.2478, 1694.2478, 1694.2478, 1694.2478, 256.21402, 146.24121, 204.16531, 141.41394, 59.64595, 57.68947, 51.48728, 41.393906, 41.24805, 41.24805, 41.24805, 41.24805, 41.24805]
[1206.5049, 1206.5049, 1206.5049, 1206.5049, 672.4217, 485.1803, 406.3443, 359.92856, 91.4502, 73.19541, 51.84578, 48.2958, 47.276855, 47.276855, 47.276855, 47.276855, 47.276855, 47.276855, 47.276855]
[944.9925, 944.9925, 944.9925, 944.9925, 944.9925, 466.90012, 378.7467, 406.35532, 300.42798, 293.9076, 215.63101, 148.91829, 126.63741, 125.557724, 125.557724, 125.557724, 125.557724, 125.557724, 125.557724]
[1206.5146, 1206.5146, 1206.5146, 1206.5146, 767.4142, 438.54288, 401.7076, 303.73245, 130.956, 177.62688, 168.18138, 123.26296, 60.739784, 60.739784, 60.739784, 60.739784, 60.739784, 60.739784, 60.739784]
[1206.4788, 1206.4788, 1206.4788, 1206.4788, 1206.4788, 518.55035, 916.7544, 477.74054, 375.26224, 282.9654, 117.02746, 100.92078, 71.98333, 65.663795, 65.663795, 65.663795, 65.663795, 65.663795, 65.663795]
[1206.5049, 1206.5049, 1206.5049, 780.3297, 983.133, 821.0428, 859.1513, 433.1876, 240.14577, 165.39896, 141.00777, 111.018105, 111.018105, 111.018105, 111.018105, 111.018105, 111.018105, 111.018105, 111.018105]
[1712.2253, 1712.2253, 1712.2253, 1712.2253, 1712.2253, 1712.2253, 568.55975, 232.30666, 167.14703, 58.989235, 44.40439, 42.091286, 41.63756, 41.473637, 41.392586, 41.392586, 41.392586, 41.392586, 41.392586]
[48.1575, 48.1575, 48.1575, 48.1575, 48.1575, 48.1575, 48.1575, 48.1575, 48.1575, 39.76452, 372.57355, 361.37024, 294.16284, 57.58512, 45.709583, 45.112335, 44.664352, 44.438034, 44.438034]
[1494.1619, 1494.1619, 1494.1619, 1494.1619, 1494.1619, 1494.1619, 50.705704, 171.76189, 145.65266, 127.84873, 58.465042, 58.145058, 56.801933, 45.131065, 41.36721, 41.36721, 41.36721, 41.36721, 41.36721]
[1303.6198, 1303.6198, 1303.6198, 1303.6198, 1303.6198, 353.71045, 132.63097, 100.747894, 99.347595, 57.628685, 41.930725, 41.23984, 41.240707, 41.250175, 41.250175, 41.250175, 41.250175, 41.250175, 41.250175]
[678.3443, 678.3443, 678.3443, 678.3443, 678.3443, 678.3443, 678.3443, 678.3443, 131.99934, 119.17127, 132.38727, 138.43953, 138.5798, 138.51047, 137.06241, 130.3217, 127.647255, 127.647255, 127.647255]
[784.3894, 784.3894, 784.3894, 784.3894, 784.3894, 784.3894, 784.3894, 784.3894, 784.3894, 784.3894, 1300.7415, 1271.0371, 1229.0829, 1232.317, 1241.315, 1248.7982, 1254.0436, 1257.1129, 1258.1829]
[1206.5043, 1206.5043, 1206.5043, 1206.5043, 1206.5043, 1206.5043, 1206.5043, 785.22485, 1038.8634, 1424.1483, 1620.6047, 1810.1201, 1905.6953, 1945.5294, 1963.9652, 1967.9651, 1967.9651, 1967.9651, 1967.9651]
[976.11804, 976.11804, 976.11804, 976.11804, 976.11804, 976.11804, 976.11804, 976.11804, 976.11804, 976.11804, 1971.874, 1992.9031, 1979.9287, 1945.3148, 1896.9291, 1844.7384, 1795.029, 1749.9376, 1710.1158]
[1762.5505, 1762.5505, 1762.5505, 1762.5505, 1762.5505, 1762.5505, 1762.5505, 1762.5505, 1762.5505, 1762.5505, 2005.6588, 2005.3845, 2005.693, 2005.0588, 1995.8984, 1955.146, 1874.7888, 1797.583, 1750.4425]
[2008.4042, 2008.4042, 2008.4042, 2008.4042, 2008.4042, 2008.4042, 2008.4042, 2008.4042, 2008.4042, 2008.4042, 1706.246, 1697.4996, 1697.08, 1693.6022, 1680.7465, 1660.6646, 1644.2832, 1634.6458, 1629.4353]
[7100.0405, 7100.0405, 7100.0405, 7100.0405, 7100.0405, 7100.0405, 7100.0405, 7100.0405, 7100.0405, 7100.0405, 8814.204, 8594.11, 8556.819, 8491.795, 8409.864, 8322.469, 8237.185, 8157.909, 8086.131]
[7075.9897, 7075.9897, 7075.9897, 7075.9897, 7075.9897, 7075.9897, 7075.9897, 7075.9897, 7075.9897, 7075.9897, 8865.733, 8664.904, 8608.803, 8568.756, 8478.681, 8338.678, 8167.674, 7989.325, 7821.127]
[3205.4504, 3205.4504, 3205.4504, 3205.4504, 3205.4504, 3205.4504, 3205.4504, 3205.4504, 3461.798, 3463.8967, 5131.538, 5426.072, 5425.5913, 5414.482, 5265.824, 5177.798, 5157.431, 5157.431, 5157.431]
[904.41113, 904.41113, 904.41113, 904.41113, 904.41113, 904.41113, 904.41113, 246.66614, 153.85378, 137.98883, 139.54929, 137.339, 142.78653, 141.92418, 142.02112, 142.05516, 142.05516, 142.05516, 142.05516]
[550.7954, 550.7954, 550.7954, 550.7954, 550.7954, 498.32373, 49.654205, 47.595505, 422.00046, 429.54483, 439.95645, 417.73196, 412.9628, 407.3428, 407.3428, 407.3428, 407.3428, 407.3428, 407.3428]
[1209.0725, 1209.0725, 1209.0725, 1209.0725, 1343.7112, 245.7011, 277.77295, 144.1216, 148.85406, 155.63148, 149.9087, 129.84367, 122.08892, 122.08892, 122.08892, 122.08892, 122.08892, 122.08892, 122.08892]
[1441.847, 1441.847, 1441.847, 755.5041, 169.01906, 286.11282, 193.97629, 122.76752, 122.62449, 122.2058, 119.17439, 107.84639, 107.84639, 107.84639, 107.84639, 107.84639, 107.84639, 107.84639, 107.84639]
[1540.6523, 1540.6523, 1540.6523, 970.50494, 1166.5854, 708.6167, 296.34338, 291.34262, 291.32138, 291.20258, 290.1892, 285.06384, 285.06384, 285.06384, 285.06384, 285.06384, 285.06384, 285.06384, 285.06384]
[1511.01, 1511.01, 1511.01, 940.2998, 1050.8678, 653.45056, 291.62122, 291.32846, 291.30008, 290.8407, 287.06067, 271.17377, 271.17377, 271.17377, 271.17377, 271.17377, 271.17377, 271.17377, 271.17377]
[978.38947, 978.38947, 978.38947, 978.38947, 978.38947, 978.38947, 540.3192, 728.356, 315.09085, 290.02045, 254.40437, 219.18515, 213.63046, 212.79485, 212.6182, 212.6182, 212.6182, 212.6182, 212.6182]
[942.6196, 942.6196, 942.6196, 942.6196, 1426.5591, 852.1352, 187.21417, 251.91928, 287.42072, 291.31604, 291.18527, 290.3645, 287.0535, 287.0535, 287.0535, 287.0535, 287.0535, 287.0535, 287.0535]
[1804.2728, 1804.2728, 1804.2728, 612.97003, 870.9436, 251.92564, 291.32455, 291.28592, 287.0251, 215.40599, 132.7203, 110.82829, 110.82829, 110.82829, 110.82829, 110.82829, 110.82829, 110.82829, 110.82829]
[940.5446, 940.5446, 940.5446, 940.5446, 573.6635, 434.8255, 515.74426, 503.31256, 386.57126, 377.37613, 367.09915, 349.9057, 326.27737, 326.27737, 326.27737, 326.27737, 326.27737, 326.27737, 326.27737]
[1157.3256, 1157.3256, 1157.3256, 1157.3256, 1157.3256, 424.9858, 529.6943, 462.09564, 421.32196, 420.71164, 413.19803, 390.85162, 374.24594, 368.5277, 368.5277, 368.5277, 368.5277, 368.5277, 368.5277]
[1240.5203, 1240.5203, 1240.5203, 1240.5203, 1792.5464, 228.49753, 294.24158, 170.64989, 134.61583, 139.06694, 141.93874, 137.66982, 121.37926, 121.37926, 121.37926, 121.37926, 121.37926, 121.37926, 121.37926]
[2100.3088, 2100.3088, 2100.3088, 629.6569, 865.20703, 253.28647, 291.3279, 291.0408, 265.3521, 148.44507, 124.241615, 120.73628, 120.73628, 120.73628, 120.73628, 120.73628, 120.73628, 120.73628, 120.73628]
[2061.447, 2061.447, 2061.447, 1246.3055, 832.7473, 272.33813, 291.32236, 286.9809, 173.9863, 125.28958, 122.64208, 121.93867, 121.93867, 121.93867, 121.93867, 121.93867, 121.93867, 121.93867, 121.93867]
[1241.7375, 1241.7375, 1241.7375, 1241.7375, 614.4591, 851.9938, 686.8445, 295.3855, 291.3533, 291.22784, 290.0675, 283.02808, 262.56018, 262.56018, 262.56018, 262.56018, 262.56018, 262.56018, 262.56018]
[2680.9336, 2680.9336, 2680.9336, 611.679, 858.7535, 252.17645, 291.328, 291.153, 274.1586, 160.41513, 122.387596, 106.501045, 106.501045, 106.501045, 106.501045, 106.501045, 106.501045, 106.501045, 106.501045]
[2775.8245, 2775.8245, 2775.8245, 736.97424, 1155.7338, 711.4772, 335.31055, 291.44107, 291.32974, 291.32632, 291.30478, 291.1539, 291.1539, 291.1539, 291.1539, 291.1539, 291.1539, 291.1539, 291.1539]
[2845.302, 2845.302, 2845.302, 717.8526, 1146.391, 713.11926, 679.1934, 298.5611, 291.43362, 291.32043, 291.228, 290.7477, 290.7477, 290.7477, 290.7477, 290.7477, 290.7477, 290.7477, 290.7477]
[1300.3008, 1300.3008, 1300.3008, 1300.3008, 1300.3008, 1300.3008, 381.39694, 528.45654, 547.99646, 425.99982, 418.33652, 394.2554, 376.4836, 371.20883, 369.73584, 369.73584, 369.73584, 369.73584, 369.73584]
[552.458, 552.458, 552.458, 552.458, 552.458, 237.28539, 453.52164, 484.0422, 423.05652, 422.50296, 416.85168, 398.1853, 377.2242, 366.8178, 366.8178, 366.8178, 366.8178, 366.8178, 366.8178]
[547.56445, 547.56445, 547.56445, 547.56445, 547.56445, 547.56445, 547.56445, 547.56445, 82.14103, 151.11813, 204.24374, 40.726875, 42.42152, 42.26722, 42.021263, 41.559223, 40.84288, 40.84288, 40.84288]
[463.34573, 463.34573, 463.34573, 463.34573, 463.34573, 463.34573, 463.34573, 463.34573, 463.34573, 87.98586, 99.01744, 95.82559, 88.23897, 76.490974, 61.9405, 58.999992, 66.43796, 73.71385, 73.71385]
[551.6045, 551.6045, 551.6045, 551.6045, 551.6045, 551.6045, 551.6045, 551.6045, 82.17538, 746.2202, 647.4857, 700.79364, 679.2952, 647.3299, 640.3843, 656.8702, 663.9381, 663.9381, 663.9381]
[491.45773, 491.45773, 491.45773, 491.45773, 491.45773, 491.45773, 491.45773, 491.45773, 491.45773, 337.08508, 509.34894, 248.63731, 199.7254, 201.19522, 205.14377, 210.08713, 215.08673, 219.12444, 219.12444]
[547.5771, 547.5771, 547.5771, 547.5771, 547.5771, 547.5771, 547.5771, 547.5771, 116.37498, 91.30947, 130.87753, 162.11896, 166.81973, 150.4547, 132.19449, 116.03532, 108.8156, 108.8156, 108.8156]
[547.5846, 547.5846, 547.5846, 547.5846, 547.5846, 547.5846, 547.5846, 127.671684, 82.52959, 785.2592, 647.6417, 648.25073, 694.1232, 683.9728, 657.8877, 641.876, 641.876, 641.876, 641.876]
[547.58234, 547.58234, 547.58234, 547.58234, 547.58234, 547.58234, 547.58234, 547.58234, 547.58234, 341.6458, 466.56686, 538.8471, 294.3085, 294.1978, 296.01624, 338.24777, 359.6003, 363.5087, 363.5087]
[116.17407, 116.17407, 116.17407, 116.17407, 116.17407, 116.17407, 116.17407, 116.17407, 116.17407, 116.17407, 87.74715, 90.66374, 92.871506, 99.06999, 99.022964, 98.81594, 98.6923, 98.60418, 98.515396]
[1494.3793, 1494.3793, 1494.3793, 1494.3793, 1494.3793, 1494.3793, 1494.3793, 50.218204, 478.59283, 466.84302, 396.3407, 369.86487, 337.15027, 317.59927, 306.58292, 298.75308, 298.75308, 298.75308, 298.75308]
[70.14157, 70.14157, 70.14157, 70.14157, 70.14157, 70.14157, 70.14157, 70.14157, 70.14157, 70.14157, 57.62932, 58.159927, 59.027184, 56.046906, 51.82097, 253.30904, 373.4961, 395.58255, 400.4827]
[547.2527, 547.2527, 547.2527, 547.2527, 547.2527, 547.2527, 547.2527, 547.2527, 547.2527, 547.2527, 104.73933, 88.47376, 88.37252, 88.6488, 93.07657, 106.915855, 128.04625, 152.0118, 161.61708]
[565.9655, 565.9655, 565.9655, 565.9655, 565.9655, 565.9655, 565.9655, 565.9655, 608.84296, 264.7412, 282.65738, 887.6914, 884.24414, 889.52026, 890.63495, 893.8468, 901.3245, 901.3245, 901.3245]
[406.24545, 406.24545, 406.24545, 406.24545, 406.24545, 406.24545, 406.24545, 406.24545, 406.24545, 648.9971, 531.88525, 374.0442, 339.107, 315.4031, 313.4275, 317.71817, 323.14255, 327.86414, 327.86414]
[881.57544, 881.57544, 881.57544, 881.57544, 881.57544, 881.57544, 881.57544, 881.57544, 313.99802, 148.1432, 161.00043, 156.85512, 161.42282, 165.22452, 164.54689, 156.52832, 148.06433, 148.06433, 148.06433]
[554.47455, 554.47455, 554.47455, 554.47455, 554.47455, 554.47455, 294.55966, 925.246, 933.2516, 993.98566, 1016.2695, 967.711, 888.6037, 819.01337, 764.4663, 764.4663, 764.4663, 764.4663, 764.4663]
[3499.1887, 3499.1887, 3499.1887, 3499.1887, 3499.1887, 408.02548, 800.38885, 704.8139, 730.1301, 743.94214, 734.02826, 681.8004, 552.1976, 420.34512, 420.34512, 420.34512, 420.34512, 420.34512, 420.34512]
[3437.636, 3437.636, 3437.636, 1294.7291, 655.6728, 386.33966, 438.0303, 336.4447, 125.228294, 35.199646, 27.612114, 23.733398, 23.733398, 23.733398, 23.733398, 23.733398, 23.733398, 23.733398, 23.733398]
[3437.6357, 3437.6357, 3437.6357, 1983.8765, 736.5585, 76.67915, 53.46749, 34.432304, 24.142208, 23.862787, 23.870474, 23.883633, 23.883633, 23.883633, 23.883633, 23.883633, 23.883633, 23.883633, 23.883633]
[3397.243, 3397.243, 3397.243, 3397.243, 3397.243, 1278.6127, 51.8471, 25.357471, 23.87544, 23.884583, 23.891624, 23.917187, 24.014368, 24.288656, 24.288656, 24.288656, 24.288656, 24.288656, 24.288656]
[3564.9001, 3564.9001, 3564.9001, 3564.9001, 1720.9547, 731.4301, 332.79083, 57.032906, 40.377068, 26.714258, 23.778236, 23.69656, 23.757374, 23.757374, 23.757374, 23.757374, 23.757374, 23.757374, 23.757374]
[586.67, 586.67, 586.67, 586.67, 586.67, 586.67, 1248.7772, 679.77625, 574.32135, 584.4942, 580.50604, 576.0253, 568.0617, 545.9211, 503.27335, 503.27335, 503.27335, 503.27335, 503.27335]
[3437.6375, 3437.6375, 3437.6375, 769.6952, 859.0236, 676.2249, 741.9958, 596.66974, 302.36655, 289.91718, 288.69937, 287.74057, 287.74057, 287.74057, 287.74057, 287.74057, 287.74057, 287.74057, 287.74057]
[630.18823, 630.18823, 630.18823, 630.18823, 630.18823, 630.18823, 348.33875, 653.296, 686.68274, 726.7542, 742.7217, 742.5759, 742.2283, 741.52167, 740.10065, 740.10065, 740.10065, 740.10065, 740.10065]
[3570.1514, 3570.1514, 3570.1514, 826.9748, 1343.8837, 889.81744, 916.4008, 593.79205, 585.13275, 581.6892, 578.06885, 574.2164, 574.2164, 574.2164, 574.2164, 574.2164, 574.2164, 574.2164, 574.2164]
[3437.6375, 3437.6375, 3437.6375, 1817.88, 859.2404, 673.945, 440.1143, 279.64764, 266.14014, 247.72885, 216.4223, 145.73117, 145.73117, 145.73117, 145.73117, 145.73117, 145.73117, 145.73117, 145.73117]
[821.3693, 821.3693, 821.3693, 821.3693, 821.3693, 821.3693, 1063.8367, 781.8491, 558.8927, 578.1553, 571.26715, 562.894, 543.6634, 492.73248, 429.3892, 429.3892, 429.3892, 429.3892, 429.3892]
[3570.1033, 3570.1033, 3570.1033, 3570.1033, 1872.618, 26.697659, 54.92971, 36.854256, 24.164148, 23.88464, 23.885513, 23.892805, 23.91381, 23.91381, 23.91381, 23.91381, 23.91381, 23.91381, 23.91381]
[3437.6375, 3437.6375, 3437.6375, 3340.837, 781.15784, 54.092545, 49.8416, 36.766693, 25.2252, 23.912374, 23.883202, 23.887047, 23.887047, 23.887047, 23.887047, 23.887047, 23.887047, 23.887047, 23.887047]
[3492.279, 3492.279, 3492.279, 3492.279, 1732.1803, 812.76447, 178.87703, 54.754333, 46.630535, 37.398727, 33.305416, 26.234459, 24.2454, 24.2454, 24.2454, 24.2454, 24.2454, 24.2454, 24.2454]
[3437.6375, 3437.6375, 3437.6375, 2725.0059, 801.9077, 678.40015, 108.9324, 55.218773, 49.989277, 38.63354, 37.510365, 36.928577, 36.928577, 36.928577, 36.928577, 36.928577, 36.928577, 36.928577, 36.928577]
[3437.6375, 3437.6375, 3437.6375, 1063.9891, 971.8804, 665.4791, 744.1309, 671.8267, 329.71545, 306.57828, 309.2411, 310.7569, 310.7569, 310.7569, 310.7569, 310.7569, 310.7569, 310.7569, 310.7569]
[2227.9333, 2227.9333, 2227.9333, 2227.9333, 2227.9333, 2227.9333, 476.82324, 888.3143, 968.16656, 938.712, 860.9699, 810.26825, 779.857, 758.64594, 739.927, 739.927, 739.927, 739.927, 739.927]
[821.27277, 821.27277, 821.27277, 821.27277, 821.27277, 821.27277, 821.27277, 821.27277, 821.27277, 193.12483, 81.975845, 127.96184, 205.97914, 202.71008, 163.85977, 155.9936, 153.67307, 151.82983, 151.82983]
[3553.893, 3553.893, 3553.893, 3553.893, 3553.893, 3553.893, 3553.893, 369.9509, 130.47232, 84.97862, 124.43502, 121.027756, 104.35928, 108.160515, 117.71206, 121.19024, 121.19024, 121.19024, 121.19024]
[3570.0303, 3570.0303, 3570.0303, 3570.0303, 816.5007, 878.51605, 641.6441, 132.66338, 55.505104, 53.77655, 44.25997, 38.167736, 37.31308, 37.31308, 37.31308, 37.31308, 37.31308, 37.31308, 37.31308]
[3559.0664, 3559.0664, 3559.0664, 3559.0664, 3559.0664, 1055.3475, 32.162903, 25.28155, 23.576397, 23.89117, 23.891556, 23.89401, 23.90384, 23.932726, 23.932726, 23.932726, 23.932726, 23.932726, 23.932726]
[3437.6372, 3437.6372, 3437.6372, 5324.3755, 40.34882, 53.784363, 37.673496, 25.760883, 23.906538, 23.891533, 23.891298, 23.891516, 23.891516, 23.891516, 23.891516, 23.891516, 23.891516, 23.891516, 23.891516]
[3509.518, 3509.518, 3509.518, 3729.4736, 927.3141, 562.1967, 54.733047, 55.31237, 53.268166, 40.452347, 37.759987, 37.405346, 37.405346, 37.405346, 37.405346, 37.405346, 37.405346, 37.405346, 37.405346]
[3437.6375, 3437.6375, 3437.6375, 3768.2383, 540.0324, 53.271393, 55.73124, 50.005104, 38.011055, 37.620056, 36.704178, 32.019775, 32.019775, 32.019775, 32.019775, 32.019775, 32.019775, 32.019775, 32.019775]
[3437.6375, 3437.6375, 3437.6375, 598.57416, 650.5706, 234.78036, 164.59674, 141.09085, 141.3576, 147.14949, 153.53119, 154.1719, 154.1719, 154.1719, 154.1719, 154.1719, 154.1719, 154.1719, 154.1719]
[3437.6375, 3437.6375, 3437.6375, 684.6809, 643.01184, 193.9422, 137.19783, 129.61174, 127.45869, 130.14024, 125.61462, 120.74859, 120.74859, 120.74859, 120.74859, 120.74859, 120.74859, 120.74859, 120.74859]
